{
  "schema_version": "clean_dataset_1link_v2_home_orientation_aligned_v1",
  "created_at_utc": "2026-05-30T12:36:55+00:00",
  "source_root": "data/test-260523-2;data/test-260524-1",
  "source_roots": [
    "data/test-260523-2",
    "data/test-260524-1"
  ],
  "output_root": "data/processed/clean_dataset_1link_v2",
  "dataset_csv": "data/processed/clean_dataset_1link_v2/dataset.csv",
  "build_script": "data/processed/build_clean_dataset_1link_v2.py",
  "row_policy": "one row per settled target from included supervised_samples.csv files",
  "row_filter": {
    "quality_flags": "ok",
    "settling_pass": true,
    "feature_latest_target_id_prefix": "T",
    "label_tracker_valid": true,
    "label_tracker_occluded": false,
    "requires_target_features": true
  },
  "coordinate_policy": {
    "position_unit": "mm",
    "target_source": "target_plan.csv when present, otherwise supervised_samples.csv feature_p_target_tracker_origin_*_mm",
    "raw_tracker_label_source": "supervised_samples.csv label_tracker_*_mm_relative_vertical_home",
    "final_label_columns": [
      "p_vive_x_mm",
      "p_vive_y_mm",
      "p_vive_z_mm"
    ],
    "label_coordinate_frame": "test-260524-1_home_orientation_aligned_vertical_home_relative_tracker_frame",
    "axis_mapping_name": "origin_locked_exact_90_candidate_A",
    "axis_mapping_text": "x=y_tracker, y=-x_tracker, z=z_tracker",
    "axis_mapping_matrix": [
      [
        0.0,
        1.0,
        0.0
      ],
      [
        -1.0,
        0.0,
        0.0
      ],
      [
        0.0,
        0.0,
        1.0
      ]
    ],
    "axis_mapping_formula": {
      "p_tracker_axis_mapped_x_mm": "label_tracker_y_mm_relative_vertical_home",
      "p_tracker_axis_mapped_y_mm": "-label_tracker_x_mm_relative_vertical_home",
      "p_tracker_axis_mapped_z_mm": "label_tracker_z_mm_relative_vertical_home"
    },
    "frame_alignment_name": "session_home_orientation_to_v1000_frame_v1",
    "frame_alignment_text": "For each source session, use the raw vertical-home Tracker orientation matrix from tracker_samples.csv r00~r22 to rotate that session's vertical-home-relative Tracker labels into the test-260524-1 home orientation frame. Target/FK labels are not used to compute the rotation.",
    "frame_alignment": {
      "name": "session_home_orientation_to_v1000_frame_v1",
      "description": "For each source session, use the raw vertical-home Tracker orientation matrix from tracker_samples.csv r00~r22 to rotate that session's vertical-home-relative Tracker labels into the test-260524-1 home orientation frame. Target/FK labels are not used to compute the rotation.",
      "reference_source_group": "test-260524-1",
      "method": "raw vertical-home orientation matrices from tracker_samples.csv r00~r22",
      "fit_scope": "none; no target/FK labels are used to compute rotations",
      "target_labels_used_for_rotation": false,
      "home_orientation_sample_count": 65,
      "formula_column_vector": {
        "R_source_to_reference": "R_home_reference @ R_home_source.T",
        "p_raw_home_aligned_mm": "R_source_to_reference @ p_tracker_vertical_home_mm",
        "p_vive_mm": "A_axis_mapping @ p_raw_home_aligned_mm"
      },
      "formula_numpy_row_vector": "p_vive_mm = p_tracker_vertical_home_mm @ (A_axis_mapping @ R_source_to_reference).T",
      "translation_mm": [
        0.0,
        0.0,
        0.0
      ],
      "centroid_shift_applied": false,
      "vertical_home_origin_preserved": true,
      "before_alignment": {
        "rmse_3d_mm": 245.47049237307934,
        "axis_rmse_mm": {
          "x": 131.8915972914029,
          "y": 144.3452973399805,
          "z": 148.407561551415
        },
        "residual_norm_mm": {
          "min": 9.483534117640925,
          "mean": 223.5997584850565,
          "median": 219.12739362923546,
          "p95": 393.53888636904685,
          "max": 492.48589248988355
        }
      },
      "after_alignment": {
        "rmse_3d_mm": 244.49120041787134,
        "axis_rmse_mm": {
          "x": 130.19447500799566,
          "y": 143.11028491420296,
          "z": 149.48174507591142
        },
        "residual_norm_mm": {
          "min": 9.469488124862496,
          "mean": 222.05955782180996,
          "median": 219.12739362923543,
          "p95": 393.5388863690468,
          "max": 492.48589248988344
        }
      },
      "by_source_group": {
        "test-260523-2": {
          "name": "session_home_orientation_to_v1000_frame_v1",
          "reference_source_group": "test-260524-1",
          "target_labels_used_for_rotation": false,
          "fit_rows": 0,
          "fit_source_columns": [],
          "fit_target_columns": [],
          "calibration_source_columns": [
            "r00",
            "r01",
            "r02",
            "r10",
            "r11",
            "r12",
            "r20",
            "r21",
            "r22"
          ],
          "calibration_rows": 65,
          "translation_mm": [
            0.0,
            0.0,
            0.0
          ],
          "centroid_shift_applied": false,
          "vertical_home_origin_preserved": true,
          "source_home_orientation_matrix": [
            [
              -0.8943217694185188,
              -0.4439389192967216,
              -0.05573875382342781
            ],
            [
              0.03489744589327201,
              0.05498701806437867,
              -0.9978770445874151
            ],
            [
              0.4460613646285182,
              -0.8943683043232508,
              -0.0336837528743082
            ]
          ],
          "reference_home_orientation_matrix": [
            [
              -0.9059072738762606,
              -0.41028899127360396,
              -0.10485682990520977
            ],
            [
              0.04816908722617505,
              0.14616742604853153,
              -0.98808644490153
            ],
            [
              0.42072764370062327,
              -0.9001655554407955,
              -0.11265088825253754
            ]
          ],
          "rotation_matrix": [
            [
              0.9981604365162614,
              0.05045980528142029,
              -0.0336087938585649
            ],
            [
              -0.052893365367124065,
              0.9957070704469826,
              -0.07595868457278465
            ],
            [
              0.029631653241192952,
              0.07759663596348117,
              0.9965443929967922
            ]
          ],
          "rotation_matrix_direction": "test-260523-2_raw_vertical_home_frame_to_test-260524-1_raw_vertical_home_frame",
          "axis_mapped_space_rotation_matrix": [
            [
              0.9957070704469826,
              0.052893365367124065,
              -0.07595868457278465
            ],
            [
              -0.05045980528142029,
              0.9981604365162614,
              0.0336087938585649
            ],
            [
              0.07759663596348117,
              -0.029631653241192952,
              0.9965443929967922
            ]
          ],
          "raw_tracker_to_label_matrix": [
            [
              -0.052893365367124065,
              0.9957070704469826,
              -0.07595868457278465
            ],
            [
              -0.9981604365162614,
              -0.05045980528142029,
              0.0336087938585649
            ],
            [
              0.029631653241192952,
              0.07759663596348117,
              0.9965443929967922
            ]
          ],
          "final_label_formula_column_vector": "p_vive_mm = A_axis_mapping @ R_source_to_reference @ p_tracker_vertical_home_mm",
          "rotation_angle_deg": 5.612580278614609,
          "determinant": 1.0000000000000002,
          "orthogonality_error": 5.364233268270073e-16,
          "home_origin_delta_to_reference_mm": [
            -3.8981320382547437,
            -4.50008977162156,
            -9.31113697284377
          ],
          "home_origin_delta_to_reference_norm_mm": 11.051855639094248,
          "home_pose": {
            "source_group": "test-260523-2",
            "tracker_samples_csv": "data/test-260523-2/tracker_samples.csv",
            "home_orientation_source_columns": [
              "r00",
              "r01",
              "r02",
              "r10",
              "r11",
              "r12",
              "r20",
              "r21",
              "r22"
            ],
            "home_orientation_sample_policy": "mean of first 65 valid, non-occluded r00~r22 samples, orthonormalized as a proper rotation matrix",
            "home_orientation_sample_count": 65,
            "home_orientation_matrix": [
              [
                -0.8943217694185188,
                -0.4439389192967216,
                -0.05573875382342781
              ],
              [
                0.03489744589327201,
                0.05498701806437867,
                -0.9978770445874151
              ],
              [
                0.4460613646285182,
                -0.8943683043232508,
                -0.0336837528743082
              ]
            ],
            "home_orientation_determinant": 1.0000000000000002,
            "home_orientation_orthogonality_error": 3.1518762435257183e-16,
            "home_orientation_sample_variation_deg": {
              "mean": 0.0215855146545172,
              "max": 0.026846467497214695,
              "std": 0.002181784898438034
            },
            "first_valid_home_orientation_sample": {
              "sample_index": 0,
              "t_session_s": 0.5007171999895945,
              "timestamp_utc": "2026-05-23T06:57:32.250375+00:00",
              "matrix": [
                [
                  -0.8943057656288147,
                  -0.44395899772644043,
                  -0.05583379045128822
                ],
                [
                  0.0349331833422184,
                  0.055126309394836426,
                  -0.9978680610656738
                ],
                [
                  0.4460904598236084,
                  -0.8943496942520142,
                  -0.033790815621614456
                ]
              ],
              "determinant": 0.9999998020054687,
              "orthogonality_error": 2.5739044705008885e-07
            },
            "home_origin_mean_mm": [
              -444.3265631588779,
              -414.26557143982495,
              -1567.4053259399159
            ],
            "home_origin_std_mm": [
              0.0021666419954787246,
              0.00282504163832441,
              0.014188171685642074
            ],
            "home_origin_numeric_row_count": 132791
          },
          "before_alignment": {
            "rmse_3d_mm": 219.88940678922899,
            "axis_rmse_mm": {
              "x": 122.54442951785809,
              "y": 132.96560057159846,
              "z": 125.1173971791927
            },
            "residual_norm_mm": {
              "min": 9.483534117640925,
              "mean": 197.2828512715873,
              "median": 176.53286496330338,
              "p95": 381.5524785889138,
              "max": 447.46290692830956
            }
          },
          "after_alignment": {
            "rmse_3d_mm": 216.62885309051936,
            "axis_rmse_mm": {
              "x": 117.03733178300007,
              "y": 128.9448352092119,
              "z": 128.85477264462875
            },
            "residual_norm_mm": {
              "min": 9.469488124862496,
              "mean": 192.71410789003795,
              "median": 174.27241429465704,
              "p95": 377.4051548963539,
              "max": 446.35990314246715
            }
          }
        },
        "test-260524-1": {
          "name": "session_home_orientation_to_v1000_frame_v1",
          "reference_source_group": "test-260524-1",
          "target_labels_used_for_rotation": false,
          "fit_rows": 0,
          "fit_source_columns": [],
          "fit_target_columns": [],
          "calibration_source_columns": [
            "r00",
            "r01",
            "r02",
            "r10",
            "r11",
            "r12",
            "r20",
            "r21",
            "r22"
          ],
          "calibration_rows": 65,
          "translation_mm": [
            0.0,
            0.0,
            0.0
          ],
          "centroid_shift_applied": false,
          "vertical_home_origin_preserved": true,
          "source_home_orientation_matrix": [
            [
              -0.9059072738762606,
              -0.41028899127360396,
              -0.10485682990520977
            ],
            [
              0.04816908722617505,
              0.14616742604853153,
              -0.98808644490153
            ],
            [
              0.42072764370062327,
              -0.9001655554407955,
              -0.11265088825253754
            ]
          ],
          "reference_home_orientation_matrix": [
            [
              -0.9059072738762606,
              -0.41028899127360396,
              -0.10485682990520977
            ],
            [
              0.04816908722617505,
              0.14616742604853153,
              -0.98808644490153
            ],
            [
              0.42072764370062327,
              -0.9001655554407955,
              -0.11265088825253754
            ]
          ],
          "rotation_matrix": [
            [
              0.9999999999999998,
              -3.4182112398644057e-18,
              1.9187246852788729e-16
            ],
            [
              -3.4182112398644057e-18,
              1.0,
              -1.7532213331430275e-17
            ],
            [
              1.9187246852788729e-16,
              -1.7532213331430275e-17,
              1.0
            ]
          ],
          "rotation_matrix_direction": "test-260524-1_raw_vertical_home_frame_to_test-260524-1_raw_vertical_home_frame",
          "axis_mapped_space_rotation_matrix": [
            [
              1.0,
              3.4182112398644057e-18,
              -1.7532213331430275e-17
            ],
            [
              3.4182112398644057e-18,
              0.9999999999999998,
              -1.9187246852788729e-16
            ],
            [
              -1.7532213331430275e-17,
              -1.9187246852788729e-16,
              1.0
            ]
          ],
          "raw_tracker_to_label_matrix": [
            [
              -3.4182112398644057e-18,
              1.0,
              -1.7532213331430275e-17
            ],
            [
              -0.9999999999999998,
              3.4182112398644057e-18,
              -1.9187246852788729e-16
            ],
            [
              1.9187246852788729e-16,
              -1.7532213331430275e-17,
              1.0
            ]
          ],
          "final_label_formula_column_vector": "p_vive_mm = A_axis_mapping @ R_source_to_reference @ p_tracker_vertical_home_mm",
          "rotation_angle_deg": 0.0,
          "determinant": 0.9999999999999998,
          "orthogonality_error": 7.030562432097212e-16,
          "home_origin_delta_to_reference_mm": [
            0.0,
            0.0,
            0.0
          ],
          "home_origin_delta_to_reference_norm_mm": 0.0,
          "home_pose": {
            "source_group": "test-260524-1",
            "tracker_samples_csv": "data/test-260524-1/tracker_samples.csv",
            "home_orientation_source_columns": [
              "r00",
              "r01",
              "r02",
              "r10",
              "r11",
              "r12",
              "r20",
              "r21",
              "r22"
            ],
            "home_orientation_sample_policy": "mean of first 65 valid, non-occluded r00~r22 samples, orthonormalized as a proper rotation matrix",
            "home_orientation_sample_count": 65,
            "home_orientation_matrix": [
              [
                -0.9059072738762606,
                -0.41028899127360396,
                -0.10485682990520977
              ],
              [
                0.04816908722617505,
                0.14616742604853153,
                -0.98808644490153
              ],
              [
                0.42072764370062327,
                -0.9001655554407955,
                -0.11265088825253754
              ]
            ],
            "home_orientation_determinant": 0.9999999999999999,
            "home_orientation_orthogonality_error": 4.006621536612168e-16,
            "home_orientation_sample_variation_deg": {
              "mean": 0.0030650720454110493,
              "max": 0.03076017242662365,
              "std": 0.007453208572893485
            },
            "first_valid_home_orientation_sample": {
              "sample_index": 0,
              "t_session_s": 0.5425069999764673,
              "timestamp_utc": "2026-05-23T14:09:58.350530+00:00",
              "matrix": [
                [
                  -0.9059077501296997,
                  -0.4102380573749542,
                  -0.10505221039056778
                ],
                [
                  0.04823976010084152,
                  0.1464870125055313,
                  -0.9880356788635254
                ],
                [
                  0.42071861028671265,
                  -0.9001368284225464,
                  -0.11291399598121643
                ]
              ],
              "determinant": 1.0000000668895452,
              "orthogonality_error": 1.315770849333929e-07
            },
            "home_origin_mean_mm": [
              -440.42843112062315,
              -409.7654816682034,
              -1558.0941889670721
            ],
            "home_origin_std_mm": [
              0.0064722841021601345,
              0.004972066977798387,
              0.006712724573960676
            ],
            "home_origin_numeric_row_count": 257868
          },
          "before_alignment": {
            "rmse_3d_mm": 257.5070672045904,
            "axis_rmse_mm": {
              "x": 136.39971896591553,
              "y": 149.80133486479218,
              "z": 158.94831360871694
            },
            "residual_norm_mm": {
              "min": 16.75575672233669,
              "mean": 236.98352807820774,
              "median": 233.41823467423026,
              "p95": 396.81786807067596,
              "max": 492.48589248988355
            }
          },
          "after_alignment": {
            "rmse_3d_mm": 257.5070672045903,
            "axis_rmse_mm": {
              "x": 136.39971896591553,
              "y": 149.80133486479218,
              "z": 158.94831360871692
            },
            "residual_norm_mm": {
              "min": 16.75575672233669,
              "mean": 236.98352807820768,
              "median": 233.41823467423023,
              "p95": 396.81786807067584,
              "max": 492.48589248988344
            }
          }
        }
      },
      "home_pose_by_source_group": {
        "test-260523-2": {
          "source_group": "test-260523-2",
          "tracker_samples_csv": "data/test-260523-2/tracker_samples.csv",
          "home_orientation_source_columns": [
            "r00",
            "r01",
            "r02",
            "r10",
            "r11",
            "r12",
            "r20",
            "r21",
            "r22"
          ],
          "home_orientation_sample_policy": "mean of first 65 valid, non-occluded r00~r22 samples, orthonormalized as a proper rotation matrix",
          "home_orientation_sample_count": 65,
          "home_orientation_matrix": [
            [
              -0.8943217694185188,
              -0.4439389192967216,
              -0.05573875382342781
            ],
            [
              0.03489744589327201,
              0.05498701806437867,
              -0.9978770445874151
            ],
            [
              0.4460613646285182,
              -0.8943683043232508,
              -0.0336837528743082
            ]
          ],
          "home_orientation_determinant": 1.0000000000000002,
          "home_orientation_orthogonality_error": 3.1518762435257183e-16,
          "home_orientation_sample_variation_deg": {
            "mean": 0.0215855146545172,
            "max": 0.026846467497214695,
            "std": 0.002181784898438034
          },
          "first_valid_home_orientation_sample": {
            "sample_index": 0,
            "t_session_s": 0.5007171999895945,
            "timestamp_utc": "2026-05-23T06:57:32.250375+00:00",
            "matrix": [
              [
                -0.8943057656288147,
                -0.44395899772644043,
                -0.05583379045128822
              ],
              [
                0.0349331833422184,
                0.055126309394836426,
                -0.9978680610656738
              ],
              [
                0.4460904598236084,
                -0.8943496942520142,
                -0.033790815621614456
              ]
            ],
            "determinant": 0.9999998020054687,
            "orthogonality_error": 2.5739044705008885e-07
          },
          "home_origin_mean_mm": [
            -444.3265631588779,
            -414.26557143982495,
            -1567.4053259399159
          ],
          "home_origin_std_mm": [
            0.0021666419954787246,
            0.00282504163832441,
            0.014188171685642074
          ],
          "home_origin_numeric_row_count": 132791
        },
        "test-260524-1": {
          "source_group": "test-260524-1",
          "tracker_samples_csv": "data/test-260524-1/tracker_samples.csv",
          "home_orientation_source_columns": [
            "r00",
            "r01",
            "r02",
            "r10",
            "r11",
            "r12",
            "r20",
            "r21",
            "r22"
          ],
          "home_orientation_sample_policy": "mean of first 65 valid, non-occluded r00~r22 samples, orthonormalized as a proper rotation matrix",
          "home_orientation_sample_count": 65,
          "home_orientation_matrix": [
            [
              -0.9059072738762606,
              -0.41028899127360396,
              -0.10485682990520977
            ],
            [
              0.04816908722617505,
              0.14616742604853153,
              -0.98808644490153
            ],
            [
              0.42072764370062327,
              -0.9001655554407955,
              -0.11265088825253754
            ]
          ],
          "home_orientation_determinant": 0.9999999999999999,
          "home_orientation_orthogonality_error": 4.006621536612168e-16,
          "home_orientation_sample_variation_deg": {
            "mean": 0.0030650720454110493,
            "max": 0.03076017242662365,
            "std": 0.007453208572893485
          },
          "first_valid_home_orientation_sample": {
            "sample_index": 0,
            "t_session_s": 0.5425069999764673,
            "timestamp_utc": "2026-05-23T14:09:58.350530+00:00",
            "matrix": [
              [
                -0.9059077501296997,
                -0.4102380573749542,
                -0.10505221039056778
              ],
              [
                0.04823976010084152,
                0.1464870125055313,
                -0.9880356788635254
              ],
              [
                0.42071861028671265,
                -0.9001368284225464,
                -0.11291399598121643
              ]
            ],
            "determinant": 1.0000000668895452,
            "orthogonality_error": 1.315770849333929e-07
          },
          "home_origin_mean_mm": [
            -440.42843112062315,
            -409.7654816682034,
            -1558.0941889670721
          ],
          "home_origin_std_mm": [
            0.0064722841021601345,
            0.004972066977798387,
            0.006712724573960676
          ],
          "home_origin_numeric_row_count": 257868
        }
      },
      "relative_rotation_between_source_groups": {
        "test-260523-2__to__test-260524-1": {
          "rotation_matrix": [
            [
              0.9981604365162612,
              -0.052893365367124065,
              0.029631653241193136
            ],
            [
              0.05045980528142029,
              0.9957070704469826,
              0.07759663596348115
            ],
            [
              -0.03360879385856471,
              -0.07595868457278468,
              0.9965443929967922
            ]
          ],
          "rotation_angle_deg": 5.612580278614739
        }
      }
    },
    "frame_alignment_by_source_group": {
      "test-260523-2": {
        "name": "session_home_orientation_to_v1000_frame_v1",
        "reference_source_group": "test-260524-1",
        "target_labels_used_for_rotation": false,
        "fit_rows": 0,
        "fit_source_columns": [],
        "fit_target_columns": [],
        "calibration_source_columns": [
          "r00",
          "r01",
          "r02",
          "r10",
          "r11",
          "r12",
          "r20",
          "r21",
          "r22"
        ],
        "calibration_rows": 65,
        "translation_mm": [
          0.0,
          0.0,
          0.0
        ],
        "centroid_shift_applied": false,
        "vertical_home_origin_preserved": true,
        "source_home_orientation_matrix": [
          [
            -0.8943217694185188,
            -0.4439389192967216,
            -0.05573875382342781
          ],
          [
            0.03489744589327201,
            0.05498701806437867,
            -0.9978770445874151
          ],
          [
            0.4460613646285182,
            -0.8943683043232508,
            -0.0336837528743082
          ]
        ],
        "reference_home_orientation_matrix": [
          [
            -0.9059072738762606,
            -0.41028899127360396,
            -0.10485682990520977
          ],
          [
            0.04816908722617505,
            0.14616742604853153,
            -0.98808644490153
          ],
          [
            0.42072764370062327,
            -0.9001655554407955,
            -0.11265088825253754
          ]
        ],
        "rotation_matrix": [
          [
            0.9981604365162614,
            0.05045980528142029,
            -0.0336087938585649
          ],
          [
            -0.052893365367124065,
            0.9957070704469826,
            -0.07595868457278465
          ],
          [
            0.029631653241192952,
            0.07759663596348117,
            0.9965443929967922
          ]
        ],
        "rotation_matrix_direction": "test-260523-2_raw_vertical_home_frame_to_test-260524-1_raw_vertical_home_frame",
        "axis_mapped_space_rotation_matrix": [
          [
            0.9957070704469826,
            0.052893365367124065,
            -0.07595868457278465
          ],
          [
            -0.05045980528142029,
            0.9981604365162614,
            0.0336087938585649
          ],
          [
            0.07759663596348117,
            -0.029631653241192952,
            0.9965443929967922
          ]
        ],
        "raw_tracker_to_label_matrix": [
          [
            -0.052893365367124065,
            0.9957070704469826,
            -0.07595868457278465
          ],
          [
            -0.9981604365162614,
            -0.05045980528142029,
            0.0336087938585649
          ],
          [
            0.029631653241192952,
            0.07759663596348117,
            0.9965443929967922
          ]
        ],
        "final_label_formula_column_vector": "p_vive_mm = A_axis_mapping @ R_source_to_reference @ p_tracker_vertical_home_mm",
        "rotation_angle_deg": 5.612580278614609,
        "determinant": 1.0000000000000002,
        "orthogonality_error": 5.364233268270073e-16,
        "home_origin_delta_to_reference_mm": [
          -3.8981320382547437,
          -4.50008977162156,
          -9.31113697284377
        ],
        "home_origin_delta_to_reference_norm_mm": 11.051855639094248,
        "home_pose": {
          "source_group": "test-260523-2",
          "tracker_samples_csv": "data/test-260523-2/tracker_samples.csv",
          "home_orientation_source_columns": [
            "r00",
            "r01",
            "r02",
            "r10",
            "r11",
            "r12",
            "r20",
            "r21",
            "r22"
          ],
          "home_orientation_sample_policy": "mean of first 65 valid, non-occluded r00~r22 samples, orthonormalized as a proper rotation matrix",
          "home_orientation_sample_count": 65,
          "home_orientation_matrix": [
            [
              -0.8943217694185188,
              -0.4439389192967216,
              -0.05573875382342781
            ],
            [
              0.03489744589327201,
              0.05498701806437867,
              -0.9978770445874151
            ],
            [
              0.4460613646285182,
              -0.8943683043232508,
              -0.0336837528743082
            ]
          ],
          "home_orientation_determinant": 1.0000000000000002,
          "home_orientation_orthogonality_error": 3.1518762435257183e-16,
          "home_orientation_sample_variation_deg": {
            "mean": 0.0215855146545172,
            "max": 0.026846467497214695,
            "std": 0.002181784898438034
          },
          "first_valid_home_orientation_sample": {
            "sample_index": 0,
            "t_session_s": 0.5007171999895945,
            "timestamp_utc": "2026-05-23T06:57:32.250375+00:00",
            "matrix": [
              [
                -0.8943057656288147,
                -0.44395899772644043,
                -0.05583379045128822
              ],
              [
                0.0349331833422184,
                0.055126309394836426,
                -0.9978680610656738
              ],
              [
                0.4460904598236084,
                -0.8943496942520142,
                -0.033790815621614456
              ]
            ],
            "determinant": 0.9999998020054687,
            "orthogonality_error": 2.5739044705008885e-07
          },
          "home_origin_mean_mm": [
            -444.3265631588779,
            -414.26557143982495,
            -1567.4053259399159
          ],
          "home_origin_std_mm": [
            0.0021666419954787246,
            0.00282504163832441,
            0.014188171685642074
          ],
          "home_origin_numeric_row_count": 132791
        },
        "before_alignment": {
          "rmse_3d_mm": 219.88940678922899,
          "axis_rmse_mm": {
            "x": 122.54442951785809,
            "y": 132.96560057159846,
            "z": 125.1173971791927
          },
          "residual_norm_mm": {
            "min": 9.483534117640925,
            "mean": 197.2828512715873,
            "median": 176.53286496330338,
            "p95": 381.5524785889138,
            "max": 447.46290692830956
          }
        },
        "after_alignment": {
          "rmse_3d_mm": 216.62885309051936,
          "axis_rmse_mm": {
            "x": 117.03733178300007,
            "y": 128.9448352092119,
            "z": 128.85477264462875
          },
          "residual_norm_mm": {
            "min": 9.469488124862496,
            "mean": 192.71410789003795,
            "median": 174.27241429465704,
            "p95": 377.4051548963539,
            "max": 446.35990314246715
          }
        }
      },
      "test-260524-1": {
        "name": "session_home_orientation_to_v1000_frame_v1",
        "reference_source_group": "test-260524-1",
        "target_labels_used_for_rotation": false,
        "fit_rows": 0,
        "fit_source_columns": [],
        "fit_target_columns": [],
        "calibration_source_columns": [
          "r00",
          "r01",
          "r02",
          "r10",
          "r11",
          "r12",
          "r20",
          "r21",
          "r22"
        ],
        "calibration_rows": 65,
        "translation_mm": [
          0.0,
          0.0,
          0.0
        ],
        "centroid_shift_applied": false,
        "vertical_home_origin_preserved": true,
        "source_home_orientation_matrix": [
          [
            -0.9059072738762606,
            -0.41028899127360396,
            -0.10485682990520977
          ],
          [
            0.04816908722617505,
            0.14616742604853153,
            -0.98808644490153
          ],
          [
            0.42072764370062327,
            -0.9001655554407955,
            -0.11265088825253754
          ]
        ],
        "reference_home_orientation_matrix": [
          [
            -0.9059072738762606,
            -0.41028899127360396,
            -0.10485682990520977
          ],
          [
            0.04816908722617505,
            0.14616742604853153,
            -0.98808644490153
          ],
          [
            0.42072764370062327,
            -0.9001655554407955,
            -0.11265088825253754
          ]
        ],
        "rotation_matrix": [
          [
            0.9999999999999998,
            -3.4182112398644057e-18,
            1.9187246852788729e-16
          ],
          [
            -3.4182112398644057e-18,
            1.0,
            -1.7532213331430275e-17
          ],
          [
            1.9187246852788729e-16,
            -1.7532213331430275e-17,
            1.0
          ]
        ],
        "rotation_matrix_direction": "test-260524-1_raw_vertical_home_frame_to_test-260524-1_raw_vertical_home_frame",
        "axis_mapped_space_rotation_matrix": [
          [
            1.0,
            3.4182112398644057e-18,
            -1.7532213331430275e-17
          ],
          [
            3.4182112398644057e-18,
            0.9999999999999998,
            -1.9187246852788729e-16
          ],
          [
            -1.7532213331430275e-17,
            -1.9187246852788729e-16,
            1.0
          ]
        ],
        "raw_tracker_to_label_matrix": [
          [
            -3.4182112398644057e-18,
            1.0,
            -1.7532213331430275e-17
          ],
          [
            -0.9999999999999998,
            3.4182112398644057e-18,
            -1.9187246852788729e-16
          ],
          [
            1.9187246852788729e-16,
            -1.7532213331430275e-17,
            1.0
          ]
        ],
        "final_label_formula_column_vector": "p_vive_mm = A_axis_mapping @ R_source_to_reference @ p_tracker_vertical_home_mm",
        "rotation_angle_deg": 0.0,
        "determinant": 0.9999999999999998,
        "orthogonality_error": 7.030562432097212e-16,
        "home_origin_delta_to_reference_mm": [
          0.0,
          0.0,
          0.0
        ],
        "home_origin_delta_to_reference_norm_mm": 0.0,
        "home_pose": {
          "source_group": "test-260524-1",
          "tracker_samples_csv": "data/test-260524-1/tracker_samples.csv",
          "home_orientation_source_columns": [
            "r00",
            "r01",
            "r02",
            "r10",
            "r11",
            "r12",
            "r20",
            "r21",
            "r22"
          ],
          "home_orientation_sample_policy": "mean of first 65 valid, non-occluded r00~r22 samples, orthonormalized as a proper rotation matrix",
          "home_orientation_sample_count": 65,
          "home_orientation_matrix": [
            [
              -0.9059072738762606,
              -0.41028899127360396,
              -0.10485682990520977
            ],
            [
              0.04816908722617505,
              0.14616742604853153,
              -0.98808644490153
            ],
            [
              0.42072764370062327,
              -0.9001655554407955,
              -0.11265088825253754
            ]
          ],
          "home_orientation_determinant": 0.9999999999999999,
          "home_orientation_orthogonality_error": 4.006621536612168e-16,
          "home_orientation_sample_variation_deg": {
            "mean": 0.0030650720454110493,
            "max": 0.03076017242662365,
            "std": 0.007453208572893485
          },
          "first_valid_home_orientation_sample": {
            "sample_index": 0,
            "t_session_s": 0.5425069999764673,
            "timestamp_utc": "2026-05-23T14:09:58.350530+00:00",
            "matrix": [
              [
                -0.9059077501296997,
                -0.4102380573749542,
                -0.10505221039056778
              ],
              [
                0.04823976010084152,
                0.1464870125055313,
                -0.9880356788635254
              ],
              [
                0.42071861028671265,
                -0.9001368284225464,
                -0.11291399598121643
              ]
            ],
            "determinant": 1.0000000668895452,
            "orthogonality_error": 1.315770849333929e-07
          },
          "home_origin_mean_mm": [
            -440.42843112062315,
            -409.7654816682034,
            -1558.0941889670721
          ],
          "home_origin_std_mm": [
            0.0064722841021601345,
            0.004972066977798387,
            0.006712724573960676
          ],
          "home_origin_numeric_row_count": 257868
        },
        "before_alignment": {
          "rmse_3d_mm": 257.5070672045904,
          "axis_rmse_mm": {
            "x": 136.39971896591553,
            "y": 149.80133486479218,
            "z": 158.94831360871694
          },
          "residual_norm_mm": {
            "min": 16.75575672233669,
            "mean": 236.98352807820774,
            "median": 233.41823467423026,
            "p95": 396.81786807067596,
            "max": 492.48589248988355
          }
        },
        "after_alignment": {
          "rmse_3d_mm": 257.5070672045903,
          "axis_rmse_mm": {
            "x": 136.39971896591553,
            "y": 149.80133486479218,
            "z": 158.94831360871692
          },
          "residual_norm_mm": {
            "min": 16.75575672233669,
            "mean": 236.98352807820768,
            "median": 233.41823467423023,
            "p95": 396.81786807067584,
            "max": 492.48589248988344
          }
        }
      }
    },
    "orientation_reference_source_group": "test-260524-1",
    "final_label_formula": "p_vive_mm = A_axis_mapping @ (R_home_reference @ R_home_source.T) @ p_tracker_vertical_home_mm",
    "centroid_shift_applied": false,
    "vertical_home_origin_preserved": true,
    "robot_base_calibrated": false,
    "tracker_to_base_calibrated": false,
    "calibration_status_by_source_group": {
      "test-260523-2": "PARTIAL_VERTICAL_ONLY",
      "test-260524-1": "PARTIAL_VERTICAL_ONLY"
    },
    "calibration_mode_by_source_group": {
      "test-260523-2": "INITIAL_VERTICAL_POSE_WITH_TRACKER_ORIENTATION",
      "test-260524-1": "INITIAL_VERTICAL_POSE_WITH_TRACKER_ORIENTATION"
    },
    "absolute_error_valid_by_source_group": {
      "test-260523-2": false,
      "test-260524-1": false
    }
  },
  "feature_columns": [
    "q1_cmd_deg",
    "q2_cmd_deg",
    "q1_encoder_deg",
    "q2_encoder_deg",
    "p_target_x_mm",
    "p_target_y_mm",
    "p_target_z_mm"
  ],
  "label_columns": [
    "p_vive_x_mm",
    "p_vive_y_mm",
    "p_vive_z_mm"
  ],
  "metadata_columns": [
    "source_group",
    "source_session",
    "session_id",
    "target_id",
    "planned_order_index",
    "timestamp_utc",
    "settle_time_s",
    "settle_start_s",
    "settle_end_s",
    "sample_count"
  ],
  "quality_columns": [
    "quality_flags",
    "settling_pass",
    "settling_wait_sec",
    "settling_position_std_mm",
    "settling_velocity_rms_mm_s",
    "settling_peak_to_peak_mm",
    "tracker_valid_ratio",
    "label_tracker_valid",
    "label_tracker_occluded"
  ],
  "raw_tracker_audit_columns": [
    "p_tracker_vertical_home_x_mm",
    "p_tracker_vertical_home_y_mm",
    "p_tracker_vertical_home_z_mm"
  ],
  "axis_mapped_tracker_columns": [
    "p_tracker_axis_mapped_x_mm",
    "p_tracker_axis_mapped_y_mm",
    "p_tracker_axis_mapped_z_mm"
  ],
  "alignment_diagnostic_columns": [
